22º00'42"S
47º53'22"W
873.5m


Distance (m),Elevation (m)
0,848.2348022460938
130.17064869459688,851.3775634765625
260.34129738919376,851.1057739257812
390.51194608379063,854.5862426757812
520.6825947783875,860.1005859375
650.8532434729843,860.7237548828125
781.0238921675813,858.024658203125
911.1945408621782,853.4113159179688
1041.365189556775,849.1591186523438
1171.5358382513718,843.7349853515625
1301.7064869459687,837.323486328125
1431.8771356405657,828.3566284179688
1562.0477843351625,818.6963500976562
1692.2184330297594,807.7450561523438
1822.3890817243564,812.8615112304688
1952.5597304189532,823.796630859375
2082.73037911355,831.7584228515625
2212.901027808147,838.6852416992188
2343.0716765027437,844.9450073242188
2473.2423251973405,849.759521484375
2603.4129738919373,851.9514770507812
2733.5836225865346,854.796630859375
2863.7542712811314,857.3660888671875
2993.9249199757282,856.6509399414062
3124.095568670325,853.4769287109375
3254.266217364922,850.0108642578125
3384.4368660595187,846.3318481445312
3514.6075147541155,851.0115356445312
3644.778163448713,859.3189697265625
3774.9488121433096,864.0765991210938
3905.1194608379064,865.641845703125
4035.2901095325033,866.9800415039062
4165.4607582271,869.1445922851562
4295.631406921697,869.4091186523438
4425.802055616294,867.4744873046875
4555.972704310891,867.8679809570312
4686.143353005487,867.15087890625
4816.314001700084,865.9952392578125
4946.484650394681,865.4054565429688
5076.655299089278,866.3488159179688
5206.825947783875,866.0215454101562
5336.996596478472,867.1176147460938
5467.167245173069,866.4147338867188
5597.337893867666,864
5727.508542562263,863.663818359375
5857.67919125686,864.5303955078125
5987.8498399514565,865.4334106445312
6118.020488646053,865.1334838867188
6248.19113734065,865.2758178710938
6378.361786035247,868.9380493164062
6508.532434729844,866.6823120117188
6638.703083424441,862.4237670898438
6768.873732119037,863.1542358398438
6899.044380813634,857.5228881835938
7029.215029508231,849.94873046875
7159.385678202828,843.9872436523438
7289.556326897426,841.4688110351562
7419.726975592022,844.0999755859375
7549.897624286619,846.5198364257812
7680.068272981216,849.6422119140625
7810.238921675813,850.7235717773438
7940.40957037041,847.8844604492188
8070.5802190650065,844.1226196289062
8200.750867759603,838.6690063476562
8330.9215164542,833.543212890625
8461.092165148797,829.535888671875
8591.262813843394,827.2299194335938
8721.43346253799,821.4446411132812
8851.604111232587,817.2291870117188
8981.774759927184,811.4197387695312
9111.945408621781,805.744873046875
9242.116057316378,801.388427734375
9372.286706010975,795.7703247070312
9502.457354705572,782.6103515625
9632.628003400168,771.3543701171875
9762.798652094765,760.9244995117188
9892.969300789362,752.3840942382812
10023.139949483959,747.4281616210938
10153.310598178556,739.6734619140625
10283.481246873152,738.7859497070312
10413.65189556775,750.4273681640625
10543.822544262348,760.4969482421875
10673.993192956945,767.4117431640625
10804.163841651542,775.048583984375
10934.334490346138,786.4119873046875
11064.505139040735,796.1087036132812
11194.675787735332,804.9337158203125
11324.846436429929,808.0806884765625
11455.017085124526,808.623291015625
11585.187733819123,811.2615356445312
11715.35838251372,813.8606567382812
11845.529031208316,813.765625
11975.699679902913,812.5318603515625
12105.87032859751,812.6521606445312
12236.040977292107,808.9802856445312
12366.211625986703,799.6233520507812
12496.3822746813,795.160400390625
12626.552923375897,791.5452270507812
12756.723572070494,793.2277221679688
12886.89422076509,793.7244262695312
13017.064869459688,795.532958984375
13147.235518154284,795.9037475585938
13277.406166848881,793.745849609375
13407.576815543478,790.1954345703125
13537.747464238075,786.6085205078125
13667.918112932672,782.1588745117188
13798.088761627268,780.2188110351562
13928.259410321865,778.8263549804688
14058.430059016462,775.6727294921875
14188.600707711059,769.6517333984375
14318.771356405656,750.7980346679688
14448.942005100253,725.2451171875
14579.112653794851,720.890869140625
14709.283302489448,714.6267700195312
14839.453951184045,707.6874389648438
14969.624599878642,704.1917724609375
15099.795248573238,705.3103637695312
15229.965897267835,708.5272216796875
15360.136545962432,717.6800537109375
15490.307194657029,711.532958984375
15620.477843351626,704.2947998046875
15750.648492046223,704.53125
15880.81914074082,699.4227905273438
16010.989789435416,704.47314453125
16141.160438130013,711.9671020507812
16271.33108682461,706.2817993164062
16401.501735519207,695.175537109375
16531.6723842138,703.7842407226562
16661.8430329084,729.9241333007812
16792.013681603,752.239013671875
16922.184330297594,760.112060546875
17052.354978992193,762.0072021484375
17182.525627686788,756.052490234375
17312.696276381386,744.6146850585938
17442.86692507598,734.0125122070312
17573.03757377058,723.3787231445312
17703.208222465175,715.76904296875
17833.378871159774,710.0515747070312
17963.54951985437,703.5125122070312
18093.720168548967,695.951416015625
18223.890817243562,686.3276977539062
18354.06146593816,679.7698974609375
18484.232114632756,683.5360107421875
18614.402763327354,693.2467651367188
18744.57341202195,699.4909057617188
18874.744060716548,701.0922241210938
19004.914709411143,704.839111328125
19135.08535810574,704.0550537109375
19265.256006800337,698.9383544921875
19395.426655494935,693.7113037109375
19525.59730418953,689.0311889648438
19655.76795288413,683.9611206054688
19785.938601578724,678.96484375
19916.109250273323,676.8478393554688
20046.279898967918,670.61474609375
20176.450547662516,668.2825317382812
20306.62119635711,669.6921997070312
20436.79184505171,674.6492919921875
20566.962493746305,675.0889892578125
20697.133142440904,675.08544921875
20827.3037911355,673.4954223632812
20957.474439830097,671.6286010742188
21087.645088524696,672.3521118164062
21217.81573721929,670.8212280273438
21347.98638591389,670.12890625
21478.157034608485,667.9072265625
21608.327683303083,663.2830200195312
21738.498331997678,659.62890625
21868.668980692277,659.4010009765625
21998.839629386872,659.8424072265625
22129.01027808147,659.9071044921875
22259.180926776065,659.7195434570312
22389.351575470664,659.0568237304688
22519.52222416526,658.9430541992188
22649.692872859858,655.6083374023438
22779.863521554453,655.9306030273438
22910.03417024905,655.3629760742188
23040.204818943646,654.2252197265625
23170.375467638245,651.2996215820312
23300.54611633284,651.59814453125
23430.71676502744,651.0932006835938
23560.887413722034,649.514404296875
23691.058062416632,650.2421264648438
23821.228711111227,649.1488647460938
23951.399359805826,650.552490234375
24081.57000850042,650.633056640625
24211.74065719502,655.564697265625
24341.911305889615,662.0588989257812
24472.081954584213,666.2471923828125
24602.25260327881,671.9972534179688
24732.423251973407,675.57666015625
24862.593900668002,682.5973510742188
24992.7645493626,694.0106201171875
25122.9351980572,702.346435546875
25253.105846751794,708.4588012695312
25383.276495446393,716.6098022460938
25513.447144140988,723.194091796875
25643.617792835586,728.9847412109375
25773.78844153018,732.3373413085938
25903.95909022478,733.3087158203125
26034.129738919375,732.8629150390625
26164.300387613974,733
26294.47103630857,734.0851440429688
26424.641685003167,736.5604858398438
26554.812333697762,742.8182983398438
26684.98298239236,744.5322265625
26815.153631086956,744.3646850585938
26945.324279781555,742.8533325195312
27075.49492847615,739.2462158203125
27205.66557717075,736.5249633789062
27335.836225865343,735.5091552734375
27466.006874559942,733.4192504882812
27596.177523254537,732.35986328125
27726.348171949136,737.27880859375
27856.51882064373,740.4512329101562
27986.68946933833,744.2608642578125
28116.860118032924,749.4229736328125
28247.030766727523,753.3944702148438
28377.201415422118,756.896240234375
28507.372064116717,757.1441650390625
28637.54271281131,755.5336303710938
28767.71336150591,754.212646484375
28897.884010200505,752.345703125
29028.054658895104,749.876708984375
29158.225307589702,747.1696166992188
29288.395956284297,742.9334106445312
29418.566604978896,741.5996704101562
29548.73725367349,739.2161865234375
29678.90790236809,737.3319091796875
29809.078551062685,735.58984375
29939.249199757283,734.6497192382812
30069.41984845188,733.065185546875
30199.590497146477,731.9837036132812
30329.761145841072,730.6173095703125
30459.93179453567,731.6066284179688
30590.102443230266,732.4844360351562
30720.273091924864,732.3309936523438
30850.44374061946,732.328125
30980.614389314058,732.3411254882812
31110.785038008653,730.0430297851562
31240.95568670325,727.7411499023438
31371.126335397847,722.9511108398438
31501.296984092445,718.3910522460938
31631.46763278704,716.0870361328125
31761.63828148164,712.2929077148438
31891.808930176234,706.5919799804688
32021.979578870832,703.703369140625
32152.150227565427,698.2438354492188
32282.320876260026,692.7293090820312
32412.49152495462,688.5239868164062
32542.66217364922,684.4432373046875
32672.832822343815,686.1148071289062
32803.00347103841,688.5819091796875
32933.17411973301,692.5045166015625
33063.3447684276,692.3073120117188
33193.5154171222,692.3151245117188
33323.6860658168,693.7252197265625
33453.8567145114,694.6021728515625
33584.027363206,690.6193237304688
33714.19801190059,689.4498901367188
33844.36866059519,687.9598388671875
33974.53930928979,687.119873046875
34104.709957984385,688.740234375
34234.88060667898,690.4480590820312
34365.051255373575,694.281982421875
34495.221904068174,698.466796875
34625.39255276277,694.5864868164062
34755.563201457364,692.2916259765625
34885.73385015196,691.2894897460938
35015.90449884656,688.5625
35146.07514754116,684.608154296875
35276.24579623575,680.2640991210938
35406.41644493035,675.6246337890625
35536.58709362495,671.5613403320312
35666.75774231955,668.09716796875
35796.92839101414,665.2421264648438
35927.09903970874,660.58154296875
36057.269688403336,655.0023803710938
36187.440337097934,643.8252563476562
36317.610985792526,635.8961791992188
36447.781634487124,638.9515991210938
36577.95228318172,647.8394775390625
36708.12293187632,657.7863159179688
36838.29358057091,668.29345703125
36968.46422926551,677.0647583007812
37098.63487796011,682.1010131835938
37228.80552665471,687.921630859375
37358.9761753493,695.7575073242188
37489.1468240439,701.5187377929688
37619.3174727385,708.746826171875
37749.488121433096,713.0631103515625
37879.658770127695,715.3552856445312
38009.829418822286,718.6099853515625
38140.000067516885,717.97607421875
38270.17071621148,716.0439453125
38400.34136490608,715.1404418945312
38530.51201360067,712.3482055664062
38660.68266229527,710.63720703125
38790.85331098987,708.401123046875
38921.02395968447,698.9906005859375
39051.19460837906,697.0652465820312
39181.36525707366,694.7538452148438
39311.53590576826,699.1124877929688
39441.70655446286,705.0233154296875
39571.87720315745,704.8812255859375
39702.04785185205,705.9600219726562
39832.218500546645,706.205322265625
39962.389149241244,703.8550415039062
40092.559797935835,700.4989013671875
40222.730446630434,695.6952514648438
40352.90109532503,689.8955688476562
40483.07174401963,684.1539916992188
40613.24239271422,680.6142578125
40743.41304140882,672.8494262695312
40873.58369010342,664.0236206054688
41003.75433879802,655.6990356445312
41133.92498749261,644.3555908203125
41264.09563618721,632.0658569335938
41394.26628488181,629.812744140625
41524.436933576406,640.93408203125
41654.607582271,651.7183227539062
41784.778230965596,656.7174682617188
41914.948879660195,661.1395874023438
42045.11952835479,665.7506103515625
42175.29017704939,665.0463256835938
42305.46082574398,664.38232421875
42435.63147443858,664.3109741210938
42565.80212313318,660.748046875
42695.97277182778,658.6616821289062
42826.14342052237,663.0481567382812
42956.31406921697,669.499755859375
43086.48471791157,676.640380859375
43216.655366606166,681.5435180664062
43346.82601530076,684.8905029296875
43476.996663995356,687.5266723632812
43607.167312689955,690.0275268554688
43737.33796138455,690.8732299804688
43867.508610079145,691.6680908203125
43997.679258773744,687.8175048828125
44127.84990746834,682.733642578125
44258.02055616294,678.8554077148438
44388.19120485753,675.8134155273438
44518.36185355213,670.8770751953125
44648.53250224673,670.2960815429688
44778.70315094133,671.332763671875
44908.87379963592,672.0062866210938
45039.04444833052,666.3394165039062
45169.21509702512,662.7454223632812
45299.385745719715,658.0831298828125
45429.55639441431,651.825927734375
45559.727043108905,650.7431030273438
45689.897691803504,657.2730102539062
45820.0683404981,666.3728637695312
45950.2389891927,672.1591796875
46080.40963788729,676.8297119140625
46210.58028658189,680.3190307617188
46340.75093527649,682.5830688476562
46470.92158397109,684.6787109375
46601.09223266568,687.2903442382812
46731.26288136028,689.9697875976562
46861.43353005488,690.089111328125
46991.604178749476,691.9313354492188
47121.77482744407,697.00146484375
47251.945476138666,696.605224609375
47382.116124833265,698.764404296875
47512.28677352786,701.1024169921875
47642.457422222455,702.8446655273438
47772.62807091705,701.8587036132812
47902.79871961165,699.9352416992188
48032.96936830625,697.62548828125
48163.14001700084,693.9811401367188
48293.31066569544,689.7728271484375
48423.48131439004,683.1845092773438
48553.65196308464,675.3502197265625
48683.82261177923,675.9478149414062
48813.99326047383,685.451171875
48944.16390916843,690.6438598632812
49074.334557863025,694.2825927734375
49204.50520655762,697.7197875976562
49334.675855252215,699.3790893554688
49464.846503946814,699.06005859375
49595.01715264141,695.6497192382812
49725.187801336004,693.5222778320312
49855.3584500306,690.773681640625
49985.5290987252,687.1685791015625
50115.6997474198,682.50341796875
50245.8703961144,678.8692626953125
50376.04104480899,674.2692260742188
50506.21169350359,668.98291015625
50636.38234219819,662.694580078125
50766.552990892786,659.9158325195312
50896.72363958738,660.9613037109375
51026.894288281976,664.8419799804688
51157.064936976574,667.2767944335938
51287.23558567117,665.5379028320312
51417.406234365764,664.220947265625
51547.57688306036,665.201416015625
51677.74753175496,669.5385131835938
51807.91818044956,674.3232421875
51938.08882914415,677.4270629882812
52068.25947783875,681.3215942382812
52198.43012653335,682.9783935546875
52328.60077522795,681.6021118164062
52458.77142392254,680.2567749023438
52588.94207261714,678.6041870117188
52719.112721311736,676.763916015625
52849.283370006335,672.948486328125
52979.454018700926,668.0892944335938
53109.624667395525,663.1890258789062
53239.79531609012,658.117919921875
53369.96596478472,653.6114501953125
53500.13661347931,648.6171875
53630.30726217391,640.58447265625
53760.47791086851,625.1126098632812
53890.64855956311,616.2879028320312
54020.8192082577,612.3409423828125
54150.9898569523,616.0989990234375
54281.1605056469,625.7315063476562
54411.3311543415,632.7449951171875
54541.501803036095,638.5681762695312
54671.67245173069,641.3814697265625
54801.843100425285,642.9163818359375
54932.013749119884,645.09326171875
55062.18439781448,650.2667236328125
55192.355046509074,652
55322.52569520367,649.975341796875
55452.69634389827,632.6569213867188
55582.86699259287,617.0072021484375
55713.03764128746,606.58544921875
55843.20828998206,614.8927612304688
55973.37893867666,628.2930297851562
56103.54958737126,636.3355102539062
56233.72023606585,643.5699462890625
56363.89088476045,646.665283203125
56494.061533455046,648.9512939453125
56624.232182149644,651.3857421875
56754.402830844236,651.725830078125
56884.573479538834,647.8156127929688
57014.74412823343,642.2803344726562
57144.91477692803,636.7736206054688
57275.08542562262,630.3424072265625
57405.25607431722,619.7808227539062
57535.42672301182,608.2284545898438
57665.59737170642,607.2399291992188
57795.76802040101,619.7821044921875
57925.93866909561,629.7000732421875
58056.10931779021,634.703125
58186.279966484806,638.5719604492188
58316.450615179405,641.5809936523438
58446.621263873996,646.514404296875
58576.791912568595,650.4989624023438
58706.96256126319,653.0728759765625
58837.13320995779,650.3298950195312
58967.30385865238,646.7553100585938
59097.47450734698,640.1067504882812
59227.64515604158,630.638671875
59357.81580473618,622.5526123046875
59487.98645343077,615.2343139648438
59618.15710212537,611.2893676757812
59748.32775081997,609.9671020507812
59878.49839951457,605.3638916015625
60008.66904820916,600.6130981445312
60138.83969690376,603.0169067382812
60269.010345598355,613.8206176757812
60399.180994292954,622.160400390625
60529.351642987545,620.644775390625
60659.522291682144,611.6070556640625
60789.69294037674,608.0698852539062
60919.86358907134,619.4254150390625
61050.03423776593,629.9344482421875
61180.20488646053,633.0491333007812
61310.37553515513,628.1765747070312
61440.54618384973,617.9541015625
61570.71683254432,611.7799682617188
61700.88748123892,612.8585205078125
61831.05812993352,618.2471923828125
61961.228778628116,617.9103393554688
62091.39942732271,616.8651123046875
62221.570076017306,622.4140014648438
62351.740724711904,629.1315307617188
62481.9113734065,635.9871215820312
62612.0820221011,642.5608520507812
62742.25267079569,645.7816162109375
62872.42331949029,647
63002.59396818489,646.8768920898438
63132.76461687949,644.3278198242188
63262.93526557408,637.9585571289062
63393.10591426868,632.4253540039062
63523.27656296328,626.4342651367188
63653.447211657876,621.767578125
63783.61786035247,615.7061767578125
63913.788509047066,612.0997924804688
64043.959157741665,606.1351928710938
64174.12980643626,601.8346557617188
64304.300455130855,596.59765625
64434.47110382545,591.5765991210938
64564.64175252005,587.7249145507812
64694.81240121465,585.8661499023438
64824.98304990924,582.1713256835938
64955.15369860384,579.2454833984375
65085.32434729844,585.1806030273438
65215.49499599304,589.6594848632812
65345.66564468763,591.619873046875
65475.83629338223,592.61669921875
65606.00694207683,593.3330078125
65736.17759077142,594.9547729492188
65866.34823946602,592.272705078125
65996.51888816062,587.6973876953125
66126.6895368552,585.3250122070312
66256.86018554981,582.4425659179688
66387.0308342444,578.5517578125
66517.20148293901,574.0736083984375